
------------------------------------ 
array 
0x601030:	9	10	10	11
0x601040:	11	11	11	51
0x601050:	64	100	100	100
0x601060:	101	101	101	103
0x601070:	105	107	112	113
0x601080:	114	114	115	115
0x601090:	115	116	116	117
0x6010a0:	117	121	122	124
0x6010b0:	126	127	127	127
0x6010c0:	128	128	131	131
0x6010d0:	132	133	134	134
0x6010e0:	135	137	143	143
0x6010f0:	146	147	150	155
0x601100:	155	156	156	157
0x601110:	158	164	165	166
0x601120:	167	167	167	169
0x601130:	169	170	171	172
0x601140:	175	175	175	176
0x601150:	177	177	178	181
0x601160:	182	183	185	186
0x601170:	190	191	199	217
0x601180:	254	276	320	327
0x601190:	410	415	421	432
0x6011a0:	441	511	522	547
0x6011b0:	612	615	679	812
0x6011c0:	825	877	894	900
0x6011d0:	1001	1100	1100	1101
0x6011e0:	1103	1107	1108	1123
0x6011f0:	1125	1129	1130	1133
0x601200:	1134	1146	1146	1150
0x601210:	1153	1162	1169	1176
0x601220:	1176	1177	1177	1177
0x601230:	1177	1184	1185	1190
0x601240:	1190	1197	1214	1219
0x601250:	1221	1224	1226	1227
0x601260:	1231	1232	1245	1283
0x601270:	1344	1383	1413	1434
0x601280:	1465	1527	1617	1618
0x601290:	1629	1724	1897	1913
0x6012a0:	2100	2101	2104	2113
0x6012b0:	2114	2115	2115	2120
0x6012c0:	2126	2126	2134	2143
0x6012d0:	2144	2145	2150	2172
0x6012e0:	2176	2183	2190	2234
0x6012f0:	2311	2329	2342	2346
0x601300:	2356	2390	2413	2759
0x601310:	3104	3109	3112	3112
0x601320:	3116	3121	3122	3149
0x601330:	3155	3157	3162	3164
0x601340:	3183	3184	3184	3327
0x601350:	3413	3414	3414	3467
0x601360:	3476	3512	3514	3559
0x601370:	3647	3684	3727	4149
0x601380:	4150	4172	4217	4314
0x601390:	4325	4352	4528	4532
0x6013a0:	4540	4565	4566	4568
0x6013b0:	4569	4572	4611	4628
0x6013c0:	5122	5129	5133	5133
0x6013d0:	5146	5156	5167	5440
0x6013e0:	5614	5615	5616	5626
0x6013f0:	5628	5631	5634	5639
0x601400:	5649	5662	5671	5675
0x601410:	5675	5677	5679	5679
0x601420:	5721	6103	6112	6316
0x601430:	6326	6328	6366	6374
0x601440:	6450	6571	6722	6762
0x601450:	6784	6785	6786	6787
0x601460:	6813	6825	7151	7217
0x601470:	7224	7525	7526	7527
0x601480:	7534	7561	7563	7569
0x601490:	7624	7647	7686	7881
0x6014a0:	8126	8162	8185	8275
0x6014b0:	8320	8619	9105	9130
0x6014c0:	9186	9999	9999	9999
0x6014d0:	9999	11133	11160	11217

------------------------------------ 
length: 	0x6014e0:	300
minimum: 	0x6014e8:	9
median: 	0x6014ec:	1572
maximum: 	0x6014f0:	11217
sum: 	0x6014f4:	819002
average: 	0x6014f8:	2730

------------------------------------ 

------------------------------------ 
i: 	0x601508:	299
j: 	0x601510:	299
index: 	0x7ffff7a817c0 <strchr_ifunc>:	-1861907640
small: 	0x601520:	11217

------------------------------------ 

 
