
------------------------------------ 
displayvariables 
bases: 	
0x6002b0:	10	14	13	37	54	31	13	20
0x6002b8:	61	36	14	53	44	19	42	27
0x6002c0:	41	53	62	10	19	28	14	10
0x6002c8:	15	15	11	22	33	70	18	17
0x6002d0:	10	27	15	12	53	20	39	25
0x6002d8:	15	23	15	63	26	24	33	10
0x6002e0:	61	15	14	34	13	71	81	38
0x6002e8:	73	29	17	93
heights: 	
0x6002ec:	7471217	7929969	8781949	10223760
0x6002fc:	10420346	7995539	12714119	9568399
0x60030c:	8323189	8913062	8061054	12189824
0x60031c:	10158244	10158216	10092699	8323196
0x60032c:	8913018	8716422	9044109	7471248
0x60033c:	8126587	7274617	7274620	7798938
0x60034c:	8061041	8061054	12189824	8192136
0x60035c:	10682507	8781992	8126597	8585389
0x60036c:	10748019	11403437	10223739	9961616
0x60037c:	9306243	7536796	8913020	9568431
0x60038c:	8061041	10944665	7471239	10748033
0x60039c:	8781991	7405684	10027172	8257701
0x6003ac:	10289264	8781991	8061054	12189824
0x6003bc:	7471239	10748033	8781991	7471221
0x6003cc:	8192117	8061081	7536813	7405674
slants: 	
0x600364:	8126597	8585389	10748019	11403437
0x600374:	10223739	9961616	9306243	7536796
0x600384:	8913020	9568431	8061041	10944665
0x600394:	7471239	10748033	8781991	7405684
0x6003a4:	10027172	8257701	10289264	8781991
0x6003b4:	8061054	12189824	7471239	10748033
0x6003c4:	8781991	7471221	8192117	8061081
0x6003d4:	7536813	7405674	1145	1135
0x6003e4:	1123	1123	1123	1254
0x6003f4:	1454	1152	1164	1542
0x600404:	1353	1457	1182	1142
0x600414:	1354	1364	1134	1154
0x600424:	1344	1142	1173	1543
0x600434:	1151	1352	1434	1355
0x600444:	1037	1123	1024	1453
lengths: 	
0x6003dc:	1145	1135	1123	1123
0x6003ec:	1123	1254	1454	1152
0x6003fc:	1164	1542	1353	1457
0x60040c:	1182	1142	1354	1364
0x60041c:	1134	1154	1344	1142
0x60042c:	1173	1543	1151	1352
0x60043c:	1434	1355	1037	1123
0x60044c:	1024	1453	1353	1457
0x60045c:	1182	1142	1354	1364
0x60046c:	1134	1154	1344	1142
0x60047c:	1134	2134	1156	1134
0x60048c:	1142	1267	1104	1134
0x60049c:	1246	1123	1235	1263
0x6004ac:	1267	1273	1225	1233
0x6004bc:	1237	1244	1221	2233

------------------------------------ 
length: 	0x6004cc:	60
sAreaMin: 	0x6004d0:	280449
sAreaEstMed: 	0x6004d4:	421188
sAreaMax: 	0x6004d8:	724789
sAreaSum: 	0x6004dc:	23811853
sAreaAve: 	0x6004e0:	396864

------------------------------------ 
volMin: 	0x6004e4:	565
volEstMed: 	0x6004e8:	3253
volMax: 	0x6004ec:	6603
volSum: 	0x6004f0:	128419
volAve: 	0x6004f4:	2140

------------------------------------ 
Uninitialized Variables 
saAreas: 	0x6004fc:	317150
volumes: 	0x6005ec:	565
tmp: 	0x6006dc:	724789

------------------------------------ 
ddTwo: 	0x6004f8:	2

------------------------------------ 
saAreas: 	
0x6004fc:	317150	298966	404626	340254
0x60050c:	325682	454340	523858	427056
0x60051c:	364790	542340	410664	526615
0x60052c:	367632	349712	485322	354490
0x60053c:	332523	381781	564020	346244
0x60054c:	289779	426226	370112	466948
0x60055c:	411150	331590	280449	396460
0x60056c:	380923	501894	340482	356210
0x60057c:	400736	383958	469140	361692
0x60058c:	321591	388196	506928	337456
0x60059c:	304623	576898	315091	500283
0x6005ac:	341256	321948	326346	384482
0x6005bc:	499063	319654	308044	335088
0x6005cc:	314613	421839	485091	354922
0x6005dc:	528450	326923	282465	724789
volumes: 	
0x6005ec:	565	798	734	2238
0x6005fc:	3375	2077	936	1560
0x60060c:	3721	2862	1029	3233
0x60061c:	2970	1843	3003	1971
0x60062c:	2398	3365	5146	680
0x60063c:	1197	1722	896	930
0x60064c:	1230	1162	748	1705
0x60065c:	2557	5390	1116	1079
0x60066c:	610	1836	1005	798
0x60067c:	3736	1380	2808	1425
0x60068c:	922	1426	907	3496
0x60069c:	1612	1332	2541	595
0x6006ac:	3446	922	882	2091
0x6006bc:	832	6603	5508	2375
0x6006cc:	5073	2363	1428	6231

 
